 VB	 IT	 IB	 IC	 VT	 beta	Rpt100
0.4	0.001	2.1505999999999997E-11	3.4163400000000002E-09	0.1094725	158.855203199107	109.4725
0.4005	0.001	1.9437E-11	3.4754100000000005E-09	0.109469	178.803827751196	109.469
0.401	0.001	2.0075999999999998E-11	3.54661E-09	0.10947050000000001	176.65919505877702	109.4705
0.40149999999999997	0.001	2.1044999999999997E-11	3.6195800000000004E-09	0.10947450000000002	171.99239724400098	109.4745
0.40199999999999997	0.001	2.0893E-11	3.6834600000000004E-09	0.10947150000000001	176.301153496386	109.4715
0.40250000000000008	0.001	1.9896E-11	3.76089E-09	0.1094755	189.02744270205102	109.4755
0.403	0.001	1.92E-11	3.8379100000000004E-09	0.109476	199.891145833333	109.476
0.4035	0.001	2.0237999999999998E-11	3.90494E-09	0.109472	192.95088447474998	109.472
0.404	0.001	2.1377E-11	3.98653E-09	0.10947499999999999	186.486878420733	109.475
0.4045	0.001	2.1652999999999998E-11	4.0697700000000005E-09	0.10947150000000001	187.954094120907	109.4715
0.405	0.001	2.0569E-11	4.1414600000000007E-09	0.1094755	201.34474208760798	109.4755
0.40549999999999997	0.001	2.0425E-11	4.22736E-09	0.109477	206.969889840881	109.477
0.40599999999999997	0.001	2.103E-11	4.314040000000001E-09	0.10947450000000002	205.13742272943398	109.4745
0.40650000000000008	0.001	2.2233E-11	4.39088E-09	0.10947400000000002	197.493815499483	109.474
0.40700000000000003	0.001	2.2524999999999998E-11	4.48239E-09	0.109476	198.99622641509401	109.476
0.40750000000000003	0.001	2.1918999999999998E-11	4.5753000000000009E-09	0.1094755	208.736712441261	109.4755
0.40800000000000003	0.001	2.1139999999999998E-11	4.65635E-09	0.10947150000000001	220.26253547776702	109.4715
0.40850000000000003	0.001	2.2113999999999997E-11	4.7514900000000005E-09	0.10947000000000001	214.8634349281	109.47
0.40900000000000003	0.001	2.3407E-11	4.84974E-09	0.109473	207.191865681206	109.473
0.4095	0.001	2.3767999999999998E-11	4.93598E-09	0.10947100000000001	207.67334230898703	109.471
0.41	0.001	2.3205E-11	5.0392100000000004E-09	0.109473	217.160525748761	109.473
0.41050000000000009	0.001	2.2677999999999995E-11	5.14375E-09	0.10947400000000002	226.816738689479	109.474
0.41100000000000003	0.001	2.3304E-11	5.234250000000001E-09	0.10947150000000001	224.60736354274	109.4715
0.41150000000000003	0.001	2.4582000000000002E-11	5.3431100000000006E-09	0.109476	217.35863640061803	109.476
0.41200000000000003	0.001	2.5419E-11	5.45515E-09	0.10947150000000001	214.60915063535202	109.4715
0.41250000000000003	0.001	2.4809999999999996E-11	5.5518000000000006E-09	0.10946600000000001	223.772672309553	109.466
0.41300000000000003	0.001	2.424E-11	5.66684E-09	0.109473	233.780528052805	109.473
0.4135	0.001	2.4712999999999998E-11	5.7660400000000005E-09	0.109472	233.320114919273	109.472
0.414	0.001	2.6196999999999998E-11	5.88542E-09	0.10947150000000001	224.660075581173	109.4715
0.4145	0.001	2.6979999999999997E-11	6.00786E-09	0.1094735	222.678280207561	109.4735
0.41500000000000004	0.001	2.6221E-11	6.11381E-09	0.109472	233.164639029785	109.472
0.41550000000000004	0.001	2.5548E-11	6.24073E-09	0.109472	244.27469860654497	109.472
0.41600000000000004	0.001	2.6088E-11	6.3706500000000005E-09	0.1094725	244.19848206071802	109.4725
0.41650000000000004	0.001	2.8007E-11	6.48463E-09	0.10947050000000001	231.536044560288	109.4705
0.41700000000000004	0.001	2.8656E-11	6.61806E-09	0.109473	230.948492462312	109.473
0.4175	0.001	2.8111E-11	6.75458E-09	0.1094725	240.282451709295	109.4725
0.418	0.001	2.7602E-11	6.87524E-09	0.10947400000000002	249.08484892399102	109.474
0.4185	0.001	2.8330999999999996E-11	7.0185800000000008E-09	0.1094735	247.734989940348	109.4735
0.41900000000000004	0.001	2.9505E-11	7.1624900000000006E-09	0.1094725	242.75512624978802	109.4725
0.41950000000000004	0.001	3.0256E-11	7.28959E-09	0.1094725	240.930393971444	109.4725
0.42000000000000004	0.001	3.0176E-11	7.4411500000000009E-09	0.109473	246.59166224814402	109.473
0.42050000000000004	0.001	2.9719E-11	7.59585E-09	0.10947050000000001	255.58901712709	109.4705
0.42100000000000004	0.001	2.9925E-11	7.73071E-09	0.1094755	258.336173767753	109.4755
0.4215	0.001	3.1077E-11	7.89033E-09	0.1094735	253.896128969978	109.4735
0.422	0.001	3.2406E-11	8.0551800000000011E-09	0.10947000000000001	248.57063506757999	109.47
0.4225	0.001	3.2296999999999995E-11	8.19896E-09	0.10947150000000001	253.861349351333	109.4715
0.42300000000000004	0.001	3.1658E-11	8.36655E-09	0.109469	264.279171141576	109.469
0.42350000000000004	0.001	3.1823999999999995E-11	8.53951E-09	0.10946750000000001	268.335532931121	109.4675
0.42400000000000004	0.001	3.3322E-11	8.69106E-09	0.10947000000000001	260.820478962847	109.47
0.42450000000000004	0.001	3.4622E-11	8.8713400000000013E-09	0.1094685	256.234186355497	109.46849999999999
0.42500000000000004	0.001	3.4563E-11	9.0544400000000008E-09	0.1094695	261.96915776987	109.4695
0.4255	0.001	3.3848999999999996E-11	9.21567E-09	0.10946700000000001	272.25826464592797	109.467
0.426	0.001	3.4355999999999996E-11	9.40888E-09	0.1094685	273.86424496449	109.46849999999999
0.4265	0.001	3.5551E-11	9.6033100000000012E-09	0.10947050000000001	270.127703862057	109.4705
0.427	0.001	3.6867999999999994E-11	9.7731E-09	0.109473	265.08354128241297	109.473
0.42750000000000005	0.001	3.6878E-11	9.97513E-09	0.10946800000000001	270.489994034384	109.468
0.42800000000000005	0.001	3.6398999999999996E-11	1.018292E-08	0.1094685	279.758235116349	109.46849999999999
0.42850000000000005	0.001	3.6566999999999996E-11	1.036416E-08	0.109469	283.429321519403	109.469
0.42900000000000005	0.001	3.7964E-11	1.0578240000000001E-08	0.10947100000000001	278.638710357181	109.471
0.4295	0.001	3.9235E-11	1.079644E-08	0.10947050000000001	275.17369695425	109.4705
0.43	0.001	3.9756E-11	1.0990230000000002E-08	0.10947150000000001	276.44204648355003	109.4715
0.4305	0.001	3.9192E-11	1.121956E-08	0.10947050000000001	286.271688099612	109.4705
0.431	0.001	3.9037E-11	1.1451000000000001E-08	0.109473	293.337090452648	109.473
0.43150000000000005	0.001	3.9775E-11	1.1655400000000001E-08	0.10947050000000001	293.03331238215	109.4705
0.43200000000000005	0.001	4.2079E-11	1.1897100000000001E-08	0.10947150000000001	282.732479384016	109.4715
0.43250000000000005	0.001	4.0896999999999996E-11	1.2143600000000001E-08	0.10947499999999999	296.93131525539803	109.475
0.43300000000000005	0.001	4.3396E-11	1.2360199999999999E-08	0.109476	284.823486035579	109.476
0.4335	0.001	4.1989999999999995E-11	1.2613300000000002E-08	0.10947050000000001	300.38818766373	109.4705
0.434	0.001	4.4450999999999995E-11	1.28762E-08	0.109473	289.671773413422	109.473
0.4345	0.001	4.3446999999999996E-11	1.3103499999999999E-08	0.10947400000000002	301.597348493567	109.474
0.435	0.001	4.5488999999999994E-11	1.3375800000000001E-08	0.10947899999999999	294.044714106707	109.479
0.43550000000000005	0.001	4.5103E-11	1.36528E-08	0.10947400000000002	302.702702702703	109.474
0.43600000000000005	0.001	4.6430999999999991E-11	1.38941E-08	0.109473	299.24188580904996	109.473
0.43650000000000005	0.001	4.6578E-11	1.41863E-08	0.10947400000000002	304.57082742925803	109.474
0.43700000000000006	0.001	4.7534E-11	1.4478100000000001E-08	0.1094735	304.584087179703	109.4735
0.4375	0.001	4.8189E-11	1.47362E-08	0.109472	305.80007885617005	109.472
0.438	0.001	4.8329999999999996E-11	1.50425E-08	0.1094725	311.245603145044	109.4725
0.4385	0.001	5.027E-11	1.53525E-08	0.10947150000000001	305.400835488363	109.4715
0.439	0.001	4.929E-11	1.5626100000000003E-08	0.1094765	317.023737066342	109.4765
0.4395	0.001	5.1669999999999995E-11	1.59492E-08	0.109472	308.674279078769	109.472
0.44000000000000006	0.001	5.064E-11	1.62787E-08	0.1094765	321.459320695103	109.4765
0.44050000000000006	0.001	5.3093999999999997E-11	1.65706E-08	0.1094755	312.099295588956	109.4755
0.44100000000000006	0.001	5.2115999999999995E-11	1.6914000000000002E-08	0.109473	324.54524522219697	109.473
0.4415	0.001	5.471E-11	1.72633E-08	0.10947400000000002	315.541948455493	109.474
0.442	0.001	5.3776999999999994E-11	1.75687E-08	0.109473	326.695427413206	109.473
0.4425	0.001	5.5994E-11	1.79314E-08	0.10947100000000001	320.237882630282	109.471
0.443	0.001	5.5678999999999993E-11	1.8305E-08	0.109473	328.759496399002	109.473
0.4435	0.001	5.7316E-11	1.86292E-08	0.1094725	325.02617070277097	109.4725
0.44400000000000006	0.001	5.7709999999999994E-11	1.90154E-08	0.1094735	329.499220239127	109.4735
0.44450000000000006	0.001	5.8451E-11	1.9408700000000002E-08	0.109473	332.050777574379	109.473
0.44500000000000006	0.001	5.9748999999999992E-11	1.97533E-08	0.10947150000000001	330.604696312909	109.4715
0.4455	0.001	6.0021E-11	2.01644E-08	0.1094755	335.955748821246	109.4755
0.446	0.001	6.1817E-11	2.0581299999999997E-08	0.10947000000000001	332.939159130983	109.47
0.4465	0.001	6.1416E-11	2.09499E-08	0.109473	341.114693239547	109.473
0.447	0.001	6.3756E-11	2.13822E-08	0.10947400000000002	335.375494071146	109.474
0.4475	0.001	6.295E-11	2.17633E-08	0.10947150000000001	345.72359015091297	109.4715
0.44800000000000006	0.001	6.5751E-11	2.22157E-08	0.109469	337.876230019315	109.469
0.44850000000000007	0.001	6.4772999999999987E-11	2.2678E-08	0.10947050000000001	350.115017059577	109.4705
0.44900000000000007	0.001	6.7514E-11	2.3078400000000002E-08	0.10947050000000001	341.831323873567	109.4705
0.4495	0.001	6.6859999999999989E-11	2.3556E-08	0.109473	352.31827699671	109.473
0.45	0.001	6.9377E-11	2.4045200000000002E-08	0.10946650000000001	346.58748576617603	109.4665
0.4505	0.001	6.8937999999999992E-11	2.44748E-08	0.10946750000000001	355.026255475935	109.4675
0.451	0.001	7.0938E-11	2.49862E-08	0.10947050000000001	352.225887394626	109.4705
0.4515	0.001	7.1789999999999992E-11	2.5505200000000003E-08	0.10947050000000001	355.275107953754	109.4705
0.45199999999999996	0.001	7.2689E-11	2.5955100000000002E-08	0.10947050000000001	357.070533368185	109.4705
0.45250000000000007	0.001	7.4242E-11	2.6494200000000003E-08	0.10947000000000001	356.862692276609	109.47
0.45300000000000007	0.001	7.4709999999999993E-11	2.70412E-08	0.1094695	361.948868959979	109.4695
0.4535	0.001	7.6544E-11	2.75192E-08	0.109469	359.52132107023397	109.469
0.454	0.001	7.6780999999999988E-11	2.80871E-08	0.10947050000000001	365.807947278624	109.4705
0.4545	0.001	7.9113E-11	2.86718E-08	0.109469	362.415785016369	109.469
0.455	0.001	7.8723E-11	2.9184299999999998E-08	0.10947150000000001	370.721390190923	109.4715
0.4555	0.001	8.1542999999999984E-11	2.97897E-08	0.10946700000000001	365.32504322872603	109.467
0.45599999999999996	0.001	8.126499999999999E-11	3.04061E-08	0.109469	374.159847412785	109.469
0.45650000000000007	0.001	8.398599999999999E-11	3.09443E-08	0.109469	368.44593146476797	109.469
0.45700000000000007	0.001	8.3598999999999992E-11	3.15853E-08	0.10946700000000001	377.819112668812	109.467
0.4575	0.001	8.6753E-11	3.22425E-08	0.109469	371.65861699307203	109.469
0.458	0.001	8.6243999999999987E-11	3.28153E-08	0.10947050000000001	380.493715504847	109.4705
0.4585	0.001	8.899699999999999E-11	3.3498E-08	0.10946750000000001	376.394709934043	109.4675
0.459	0.001	8.9212E-11	3.41897E-08	0.10946650000000001	383.24104380576597	109.4665
0.4595	0.001	9.1483E-11	3.47982E-08	0.10946750000000001	380.378868205022	109.4675
0.45999999999999996	0.001	9.2299E-11	3.5522100000000004E-08	0.1094655	384.858990888309	109.46549999999999
0.46050000000000008	0.001	9.3991E-11	3.62378E-08	0.10946800000000001	385.545424561926	109.468
0.46100000000000008	0.001	9.5246999999999981E-11	3.68797E-08	0.1094695	387.20064673953	109.4695
0.4615	0.001	9.6463999999999991E-11	3.7641700000000004E-08	0.10946700000000001	390.215002487975	109.467
0.462	0.001	9.887299999999999E-11	3.8424E-08	0.10946800000000001	388.619744520749	109.468
0.4625	0.001	9.8833999999999992E-11	3.91038E-08	0.109469	395.65129408907904	109.469
0.463	0.001	1.01629E-10	3.9912700000000005E-08	0.1094695	392.72943746371595	109.4695
0.4635	0.001	1.01952E-10	4.07363E-08	0.10946650000000001	399.563520087884	109.4665
0.46399999999999997	0.001	1.04938E-10	4.14591E-08	0.10947050000000001	395.081857858926	109.4705
0.46449999999999997	0.001	1.04785E-10	4.23133E-08	0.109469	403.81065992269896	109.469
0.46500000000000008	0.001	1.0846899999999999E-10	4.3196500000000006E-08	0.109472	398.238206307793	109.472
0.4655	0.001	1.0823799999999999E-10	4.39593E-08	0.109469	406.135553132911	109.469
0.466	0.001	1.11465E-10	4.4872500000000007E-08	0.1094635	402.570313551339	109.4635
0.4665	0.001	1.1212800000000001E-10	4.58E-08	0.10946700000000001	408.46175799086797	109.467
0.467	0.001	1.14713E-10	4.66149E-08	0.10946499999999999	406.361092465544	109.46499999999999
0.4675	0.001	1.15676E-10	4.75779E-08	0.10946750000000001	411.30312251461004	109.4675
0.46799999999999997	0.001	1.1797899999999998E-10	4.8565699999999997E-08	0.1094685	411.646988023292	109.46849999999999
0.46849999999999997	0.001	1.1965600000000002E-10	4.9423199999999996E-08	0.10946600000000001	413.044059637628	109.466
0.46900000000000008	0.001	1.21378E-10	5.04521E-08	0.1094625	415.660992931174	109.46249999999999
0.46950000000000003	0.001	1.23863E-10	5.1501E-08	0.109463	415.790026077198	109.463
0.47000000000000003	0.001	1.24882E-10	5.2424E-08	0.10947000000000001	419.78828013644903	109.47
0.47050000000000003	0.001	1.2777400000000002E-10	5.3505900000000004E-08	0.10946499999999999	418.75420664611005	109.46499999999999
0.47100000000000003	0.001	1.2859799999999998E-10	5.4609500000000003E-08	0.10946650000000001	424.652793978134	109.4665
0.47150000000000003	0.001	1.3204300000000002E-10	5.5579099999999996E-08	0.10946700000000001	420.916671084419	109.467
0.472	0.001	1.3231100000000002E-10	5.67272E-08	0.10946600000000001	428.741374488894	109.466
0.4725	0.001	1.3624400000000002E-10	5.79047E-08	0.10946100000000002	425.00733977275996	109.46100000000001
0.47300000000000009	0.001	1.3652599999999998E-10	5.89307E-08	0.109464	431.644521922564	109.464
0.47350000000000003	0.001	1.40566E-10	6.01536E-08	0.1094635	427.93847729892	109.4635
0.47400000000000003	0.001	1.4105000000000002E-10	6.1401000000000008E-08	0.109464	435.313718539525	109.464
0.47450000000000003	0.001	1.4463600000000002E-10	6.24811E-08	0.10946050000000002	431.98857822395496	109.46050000000001
0.47500000000000003	0.001	1.45665E-10	6.37873E-08	0.109469	437.904095012529	109.469
0.47550000000000003	0.001	1.49264E-10	6.5106099999999993E-08	0.109462	436.18086075678	109.46199999999999
0.476	0.001	1.5049600000000002E-10	6.62615E-08	0.10946750000000001	440.28744950031904	109.4675
0.4765	0.001	1.53355E-10	6.76373E-08	0.10946600000000001	441.05050373316794	109.466
0.477	0.001	1.5576700000000002E-10	6.90443E-08	0.10946499999999999	443.253705855541	109.46499999999999
0.47750000000000004	0.001	1.5802900000000001E-10	7.02687E-08	0.1094655	444.65699333666595	109.46549999999999
0.47800000000000004	0.001	1.60886E-10	7.17194E-08	0.1094655	445.777755677934	109.46549999999999
0.47850000000000004	0.001	1.6288800000000003E-10	7.32077E-08	0.1094625	449.43580865379903	109.46249999999999
0.47900000000000004	0.001	1.6640900000000001E-10	7.4512900000000008E-08	0.109464	447.76965188180895	109.464
0.47950000000000004	0.001	1.67923E-10	7.605540000000001E-08	0.109463	452.91830184072495	109.463
0.48	0.001	1.72166E-10	7.76136E-08	0.1094655	450.80677950350196	109.46549999999999
0.4805	0.001	1.72816E-10	7.89909E-08	0.10946100000000002	457.080941579483	109.46100000000001
0.481	0.001	1.7747E-10	8.0620800000000007E-08	0.109464	454.27846960049595	109.464
0.48150000000000004	0.001	1.78427E-10	8.2044999999999991E-08	0.1094655	459.823905574829	109.46549999999999
0.48200000000000004	0.001	1.8319600000000002E-10	8.3747299999999992E-08	0.109462	457.145898382061	109.46199999999999
0.48250000000000004	0.001	1.84325E-10	8.54814E-08	0.10946499999999999	463.753695917537	109.46499999999999
0.48300000000000004	0.001	1.8874599999999999E-10	8.6999700000000008E-08	0.10946499999999999	460.935331079864	109.46499999999999
0.48350000000000004	0.001	1.9049100000000002E-10	8.88092E-08	0.10946499999999999	466.21205201295595	109.46499999999999
0.484	0.001	1.94877E-10	9.06323E-08	0.109464	465.07438025010595	109.464
0.4845	0.001	1.9669900000000002E-10	9.22513E-08	0.10946650000000001	468.997300443825	109.4665
0.485	0.001	2.0078399999999999E-10	9.41603E-08	0.109462	468.963164395569	109.46199999999999
0.48550000000000004	0.001	2.0361500000000003E-10	9.61012E-08	0.109463	471.975050954006	109.463
0.48600000000000004	0.001	2.06656E-10	9.78044E-08	0.109462	473.271523691545	109.46199999999999
0.48650000000000004	0.001	2.10499E-10	9.98427E-08	0.109464	474.314367289156	109.464
0.48700000000000004	0.001	2.13714E-10	1.0191559999999999E-07	0.10946750000000001	476.878445024659	109.4675
0.48750000000000004	0.001	2.17827E-10	1.037249E-07	0.10946499999999999	476.180179683878	109.46499999999999
0.488	0.001	2.20254E-10	1.058862E-07	0.10946600000000001	480.74586613637	109.466
0.4885	0.001	2.2521100000000003E-10	1.0807850000000001E-07	0.1094635	479.898850411392	109.4635
0.489	0.001	2.2717E-10	1.0998899999999999E-07	0.10947000000000001	484.170445041159	109.47
0.4895	0.001	2.3271600000000002E-10	1.122786E-07	0.1094655	482.470479038828	109.46549999999999
0.49000000000000005	0.001	2.3486E-10	1.1460289999999999E-07	0.1094655	487.962616026569	109.46549999999999
0.49050000000000005	0.001	2.40254E-10	1.16645E-07	0.10946600000000001	485.507005086284	109.466
0.49100000000000005	0.001	2.44331E-10	1.19066E-07	0.1094625	487.31433997323296	109.46249999999999
0.49150000000000005	0.001	2.4817000000000003E-10	1.2153099999999998E-07	0.109462	489.70866744570196	109.46199999999999
0.492	0.001	2.51546E-10	1.23699E-07	0.1094625	491.754987159406	109.46249999999999
0.4925	0.001	2.5549400000000005E-10	1.26239E-07	0.10946100000000002	494.097708752456	109.46100000000001
0.493	0.001	2.59618E-10	1.28882E-07	0.1094625	496.429369304131	109.46249999999999
0.4935	0.001	2.63253E-10	1.31125E-07	0.10946499999999999	498.09498847116697	109.46499999999999
0.49400000000000005	0.001	2.6753E-10	1.33876E-07	0.10946	500.414906739431	109.46000000000001
0.49450000000000005	0.001	2.7212000000000004E-10	1.3664400000000002E-07	0.10946	502.146112009408	109.46000000000001
0.49500000000000005	0.001	2.7634E-10	1.39076E-07	0.10946499999999999	503.278569877687	109.46499999999999
0.49550000000000005	0.001	2.8142299999999997E-10	1.41948E-07	0.1094585	504.393741805041	109.45849999999999
0.496	0.001	2.8683100000000004E-10	1.4487899999999998E-07	0.109462	505.102307630626	109.46199999999999
0.4965	0.001	2.91243E-10	1.47457E-07	0.109469	506.30229739427205	109.469
0.497	0.001	2.9681700000000004E-10	1.5053099999999999E-07	0.10946149999999999	507.15087073853596	109.46149999999999
0.4975	0.001	3.02234E-10	1.5360599999999998E-07	0.109462	508.235340828629	109.46199999999999
0.49800000000000005	0.001	3.06673E-10	1.56386E-07	0.1094625	509.943816377705	109.46249999999999
0.49850000000000005	0.001	3.1191E-10	1.59647E-07	0.109464	511.83674777980804	109.464
0.49900000000000005	0.001	3.17057E-10	1.62909E-07	0.109464	513.816127699436	109.464
0.49950000000000006	0.001	3.21492E-10	1.65788E-07	0.1094625	515.683127418412	109.46249999999999
0.5	0.001	3.26638E-10	1.69246E-07	0.10946100000000002	518.145469908584	109.46100000000001
0.50050000000000006	0.001	3.31918E-10	1.7276499999999997E-07	0.10946149999999999	520.505064503884	109.46149999999999
0.501	0.001	3.36882E-10	1.7581099999999999E-07	0.10946149999999999	521.877096431391	109.46149999999999
0.5015	0.001	3.42718E-10	1.79436E-07	0.10946	523.567481136094	109.46000000000001
0.502	0.001	3.48731E-10	1.83096E-07	0.10946	525.035055673284	109.46000000000001
0.50250000000000006	0.001	3.5431E-10	1.86388E-07	0.1094585	526.059100787446	109.45849999999999
0.503	0.001	3.6069900000000005E-10	1.9025E-07	0.1094585	527.448093840016	109.45849999999999
0.50350000000000006	0.001	3.67612E-10	1.94162E-07	0.10946149999999999	528.171006387169	109.46149999999999
0.504	0.001	3.7333500000000003E-10	1.9760999999999998E-07	0.109464	529.310137008317	109.464
0.50450000000000006	0.001	3.80383E-10	2.01745E-07	0.109464	530.373334244695	109.464
0.505	0.001	3.8746700000000003E-10	2.0589799999999998E-07	0.1094585	531.394931697409	109.45849999999999
0.5055	0.001	3.92894E-10	2.0954799999999997E-07	0.1094625	533.344871644769	109.46249999999999
0.506	0.001	3.99728E-10	2.1395499999999999E-07	0.1094595	535.25147100027993	109.45949999999999
0.50650000000000006	0.001	4.0662200000000006E-10	2.18371E-07	0.10946450000000002	537.036854867666	109.46450000000002
0.507	0.001	4.12357E-10	2.2224099999999999E-07	0.1094625	538.952897610566	109.46249999999999
0.50750000000000006	0.001	4.19293E-10	2.2681900000000001E-07	0.10946050000000002	540.955847104531	109.46050000000001
0.508	0.001	4.26612E-10	2.31535E-07	0.10946149999999999	542.729693491979	109.46149999999999
0.50850000000000006	0.001	4.33038E-10	2.3565299999999997E-07	0.1094595	544.185498732213	109.45949999999999
0.509	0.001	4.40866E-10	2.4056099999999995E-07	0.1094555	545.65559603144709	109.4555
0.5095	0.001	4.49022E-10	2.4554E-07	0.10946149999999999	546.83289460204594	109.46149999999999
0.51	0.001	4.5619199999999997E-10	2.49835E-07	0.10946149999999999	547.653181116723	109.46149999999999
0.51050000000000006	0.001	4.6475400000000006E-10	2.5502799999999997E-07	0.10946	548.737611725773	109.46000000000001
0.511	0.001	4.73476E-10	2.60245E-07	0.10946499999999999	549.647711816438	109.46499999999999
0.51150000000000007	0.001	4.80883E-10	2.64927E-07	0.10945800000000001	550.91779081398192	109.45800000000001
0.512	0.001	4.89745E-10	2.70429E-07	0.10945700000000001	552.18327905338492	109.45700000000001
0.51250000000000007	0.001	4.9834E-10	2.76029E-07	0.10946149999999999	553.89693783360792	109.46149999999999
0.513	0.001	5.057330000000001E-10	2.80947E-07	0.10946100000000002	555.52435771444607	109.46100000000001
0.5135	0.001	5.1460999999999994E-10	2.8673899999999996E-07	0.1094595	557.196712073221	109.45949999999999
0.514	0.001	5.23274E-10	2.92712E-07	0.1094625	559.385713794303	109.46249999999999
0.5145	0.001	5.31093E-10	2.979E-07	0.109459	560.91870915263394	109.45899999999999
0.515	0.001	5.40366E-10	3.0406E-07	0.1094555	562.692693470722	109.4555
0.51550000000000007	0.001	5.50181E-10	3.10346E-07	0.10946050000000002	564.07982100435993	109.46050000000001
0.516	0.001	5.58888E-10	3.15866E-07	0.1094595	565.16869211720393	109.45949999999999
0.51650000000000007	0.001	5.6920200000000008E-10	3.22495E-07	0.109459	566.573905221696	109.45899999999999
0.517	0.001	5.78307E-10	3.28125E-07	0.10945750000000001	567.38894739299394	109.45750000000001
0.5175	0.001	5.89224E-10	3.34953E-07	0.10946149999999999	568.46462465887294	109.46149999999999
0.518	0.001	6.00672E-10	3.4195E-07	0.10946450000000002	569.279074103671	109.46450000000002
0.5185	0.001	6.1000100000000007E-10	3.4787799999999996E-07	0.1094635	570.290868375625	109.4635
0.519	0.001	6.21012E-10	3.5508000000000003E-07	0.10946100000000002	571.776390794381	109.46100000000001
0.51950000000000007	0.001	6.32399E-10	3.62501E-07	0.10946	573.21564392100606	109.46000000000001
0.52	0.001	6.42099E-10	3.6889799999999997E-07	0.1094635	574.518882602216	109.4635
0.52050000000000007	0.001	6.53388E-10	3.76556E-07	0.1094555	576.31300238143308	109.4555
0.521	0.001	6.6472100000000007E-10	3.8436899999999997E-07	0.10945700000000001	578.241096640545	109.45700000000001
0.5215	0.001	6.7449700000000007E-10	3.91062E-07	0.10945700000000001	579.783156930275	109.45700000000001
0.522	0.001	6.86916E-10	3.9926099999999996E-07	0.1094595	581.237007144978	109.45949999999999
0.5225	0.001	6.992810000000001E-10	4.0745199999999996E-07	0.1094625	582.67277389204	109.46249999999999
0.523	0.001	7.10265E-10	4.14703E-07	0.10946100000000002	583.870808782638	109.46100000000001
0.52350000000000008	0.001	7.23612E-10	4.2322499999999993E-07	0.10946100000000002	584.878360226198	109.46100000000001
0.524	0.001	7.3731600000000006E-10	4.3205299999999993E-07	0.10946	585.980773508238	109.46000000000001
0.52450000000000008	0.001	7.4923E-10	4.3975099999999993E-07	0.1094635	586.937255582398	109.4635
0.525	0.001	7.63415E-10	4.4879899999999997E-07	0.1094625	587.883392388151	109.46249999999999
0.5255	0.001	7.77806E-10	4.5816600000000003E-07	0.10946	589.049197357696	109.46000000000001
0.526	0.001	7.9003E-10	4.66255E-07	0.109464	590.173790868701	109.464
0.5265	0.001	8.04398E-10	4.75931E-07	0.10946	591.66109314046	109.46000000000001
0.527	0.001	8.1896900000000011E-10	4.8584399999999991E-07	0.109463	593.238571911757	109.463
0.52750000000000008	0.001	8.3154299999999993E-10	4.94413E-07	0.1094595	594.572980591503	109.45949999999999
0.528	0.001	8.4639000000000011E-10	5.04726E-07	0.1094635	596.327933931166	109.4635
0.52850000000000008	0.001	8.62009E-10	5.15106E-07	0.109464	597.56452658847	109.464
0.529	0.001	8.75278E-10	5.2430099999999992E-07	0.10946149999999999	599.010828559612	109.46149999999999
0.5295	0.001	8.9169300000000008E-10	5.35274E-07	0.1094625	600.289561541921	109.46249999999999
0.53	0.001	9.0855099999999994E-10	5.46246E-07	0.10945750000000001	601.22766911268593	109.45750000000001
0.5305	0.001	9.2308000000000008E-10	5.5606499999999994E-07	0.1094585	602.401741994193	109.45849999999999
0.531	0.001	9.4041800000000013E-10	5.67393E-07	0.109464	603.341280154144	109.464
0.53150000000000008	0.001	9.5838900000000013E-10	5.79246E-07	0.10946499999999999	604.39550120045192	109.46499999999999
0.532	0.001	9.73936E-10	5.8948899999999994E-07	0.1094585	605.264616976885	109.45849999999999
0.53250000000000008	0.001	9.9204E-10	6.01743E-07	0.10946149999999999	606.571307608564	109.46149999999999
0.533	0.001	1.0104610000000002E-09	6.14104E-07	0.1094585	607.74636527288	109.45849999999999
0.5335	0.001	1.026576E-09	6.2511E-07	0.10946149999999999	608.927152008229	109.46149999999999
0.534	0.001	1.045378E-09	6.3803999999999991E-07	0.1094635	610.343818216951	109.4635
0.5345	0.001	1.064397E-09	6.5138E-07	0.1094595	611.970909350552	109.45949999999999
0.535	0.001	1.0811740000000001E-09	6.62878E-07	0.10946100000000002	613.10945324249394	109.46100000000001
0.53550000000000009	0.001	1.101122E-09	6.7677699999999992E-07	0.10946100000000002	614.624900783019	109.46100000000001
0.536	0.001	1.12145E-09	6.9056199999999991E-07	0.1094595	615.776004280173	109.45949999999999
0.53650000000000009	0.001	1.1403E-09	7.02982E-07	0.10946	616.488643339472	109.46000000000001
0.537	0.001	1.1619900000000002E-09	7.17635E-07	0.1094595	617.591373419737	109.45949999999999
0.5375	0.001	1.1842800000000002E-09	7.325E-07	0.109464	618.519269091769	109.464
0.538	0.001	1.2036400000000002E-09	7.4529500000000006E-07	0.10946100000000002	619.200923864278	109.46100000000001
0.5385	0.001	1.2259100000000002E-09	7.6065E-07	0.1094595	620.477849108009	109.45949999999999
0.539	0.001	1.24932E-09	7.7645899999999993E-07	0.10946149999999999	621.505298882592	109.46149999999999
0.5395	0.001	1.2689100000000001E-09	7.90345E-07	0.1094595	622.85347266551594	109.45949999999999
0.54	0.001	1.2924700000000002E-09	8.0659399999999987E-07	0.10946600000000001	624.07173860902	109.466
0.54050000000000009	0.001	1.3165000000000002E-09	8.23213E-07	0.10946149999999999	625.304215723509	109.46149999999999
0.541	0.001	1.3375300000000002E-09	8.3786799999999992E-07	0.1094625	626.429313735019	109.46249999999999
0.5415	0.001	1.3623700000000001E-09	8.5533999999999993E-07	0.1094595	627.832380337206	109.45949999999999
0.542	0.001	1.3876200000000002E-09	8.72986E-07	0.10946	629.124688315245	109.46000000000001
0.5425	0.001	1.40968E-09	8.8839400000000009E-07	0.1094595	630.209692979967	109.45949999999999
0.543	0.001	1.43596E-09	9.06794E-07	0.1094585	631.489735090114	109.45849999999999
0.5435	0.001	1.46342E-09	9.2557899999999993E-07	0.10945750000000001	632.476664252231	109.45750000000001
0.544	0.001	1.4869500000000001E-09	9.42106E-07	0.10946	633.582837351626	109.46000000000001
0.5445000000000001	0.001	1.51605E-09	9.6173699999999979E-07	0.1094585	634.37023844859993	109.45849999999999
0.545	0.001	1.5446100000000001E-09	9.81591E-07	0.10945750000000001	635.494396643813	109.45750000000001
0.5455	0.001	1.57033E-09	9.98797E-07	0.1094625	636.042742608242	109.46249999999999
0.546	0.001	1.5999000000000002E-09	1.0196739999999999E-06	0.1094585	637.336083505219	109.45849999999999
0.5465	0.001	1.6308000000000002E-09	1.040707E-06	0.109463	638.15734608781	109.463
0.547	0.001	1.65745E-09	1.059191E-06	0.109463	639.048538417448	109.463
0.5475	0.001	1.68898E-09	1.081294E-06	0.10946100000000002	640.205331028194	109.46100000000001
0.548	0.001	1.72125E-09	1.1035919999999999E-06	0.109462	641.15729847494606	109.46199999999999
0.5485000000000001	0.001	1.74836E-09	1.123203E-06	0.10946149999999999	642.432336589718	109.46149999999999
0.549	0.001	1.7814600000000002E-09	1.1462509999999999E-06	0.10946100000000002	643.433475913015	109.46100000000001
0.5495	0.001	1.8169400000000001E-09	1.1700999999999998E-06	0.10946050000000002	643.99484848151292	109.46050000000001
0.55	0.001	1.84444E-09	1.1909400000000002E-06	0.10946149999999999	645.691917329921	109.46149999999999
0.5505	0.001	1.88046E-09	1.2155100000000001E-06	0.109459	646.389713155292	109.45899999999999
0.551	0.001	1.90956E-09	1.23706E-06	0.109459	647.82462975764008	109.45899999999999
0.5515	0.001	1.94676E-09	1.26316E-06	0.10945700000000001	648.852452279685	109.45700000000001
0.55199999999999994	0.001	1.9845400000000003E-09	1.2885599999999998E-06	0.109455	649.29908190311107	109.45499999999998
0.5525000000000001	0.001	2.0153300000000003E-09	1.31168E-06	0.10945700000000001	650.851225357634	109.45700000000001
0.553	0.001	2.05442E-09	1.33863E-06	0.10945400000000001	651.585362292034	109.45400000000001
0.5535	0.001	2.09442E-09	1.3664099999999998E-06	0.10945800000000001	652.404961755522	109.45800000000001
0.554	0.001	2.1272600000000004E-09	1.39066E-06	0.10945750000000001	653.73297105196309	109.45750000000001
0.5545	0.001	2.16894E-09	1.41953E-06	0.10945800000000001	654.480990714358	109.45800000000001
0.555	0.001	2.2111900000000005E-09	1.4489399999999998E-06	0.10945750000000001	655.276118289247	109.45750000000001
0.5555	0.001	2.24632E-09	1.47488E-06	0.109455	656.576088892054	109.45499999999998
0.55599999999999994	0.001	2.2907000000000004E-09	1.50556E-06	0.10945400000000001	657.248875889466	109.45400000000001
0.55650000000000011	0.001	2.3344900000000003E-09	1.53641E-06	0.10945700000000001	658.135181559998	109.45700000000001
0.557	0.001	2.37077E-09	1.5635499999999998E-06	0.109456	659.511466738654	109.456
0.5575	0.001	2.4177E-09	1.59592E-06	0.10945450000000001	660.09844066674907	109.45450000000001
0.558	0.001	2.46407E-09	1.6289499999999999E-06	0.10945100000000002	661.081056950492	109.45100000000001
0.5585	0.001	2.5031200000000003E-09	1.6574999999999998E-06	0.10945650000000001	662.17360733804207	109.4565
0.559	0.001	2.55305E-09	1.6919999999999999E-06	0.10945450000000001	662.73672666026891	109.45450000000001
0.5595	0.001	2.6014200000000003E-09	1.7270499999999998E-06	0.1094555	663.887415334702	109.4555
0.55999999999999994	0.001	2.64294E-09	1.7574099999999998E-06	0.109459	664.945099018517	109.45899999999999
0.56050000000000011	0.001	2.69549E-09	1.7942E-06	0.109455	665.630367762448	109.45499999999998
0.561	0.001	2.74699E-09	1.8312600000000001E-06	0.109455	666.642397678914	109.45499999999998
0.5615	0.001	2.7913100000000004E-09	1.8634399999999999E-06	0.109455	667.586187130774	109.45499999999998
0.562	0.001	2.8462000000000004E-09	1.9020399999999998E-06	0.10945250000000001	668.27348745696	109.4525
0.5625	0.001	2.90114E-09	1.9415E-06	0.10945350000000001	669.21968605444806	109.4535
0.56300000000000006	0.001	2.9469900000000004E-09	1.97607E-06	0.10945800000000001	670.53841377134006	109.45800000000001
0.5635	0.001	3.00635E-09	2.0168E-06	0.1094585	670.846707801819	109.45849999999999
0.564	0.001	3.06312E-09	2.05863E-06	0.109455	672.06965446995207	109.45499999999998
0.5645	0.001	3.11433E-09	2.09488E-06	0.109455	672.658324583458	109.45499999999998
0.56500000000000006	0.001	3.1756400000000004E-09	2.1386699999999995E-06	0.10945350000000001	673.461097605522	109.4535
0.5655	0.001	3.2356300000000003E-09	2.18301E-06	0.10945350000000001	674.678501559202	109.4535
0.56600000000000006	0.001	3.2896200000000005E-09	2.2217899999999998E-06	0.109456	675.39411846961	109.456
0.5665	0.001	3.35457E-09	2.26783E-06	0.10945250000000001	676.041936820517	109.4525
0.56700000000000006	0.001	3.4184100000000004E-09	2.3152099999999997E-06	0.10945350000000001	677.276862634968	109.4535
0.5675	0.001	3.4750800000000004E-09	2.3558699999999998E-06	0.1094555	677.93259435754	109.4555
0.568	0.001	3.54311E-09	2.4045499999999997E-06	0.1094495	678.655192754388	109.4495
0.5685	0.001	3.6111E-09	2.45424E-06	0.1094515	679.63778350087193	109.4515
0.56900000000000006	0.001	3.6708200000000004E-09	2.49775E-06	0.10945700000000001	680.43379953253	109.45700000000001
0.5695	0.001	3.74318E-09	2.54922E-06	0.10945300000000001	681.030567592261	109.453
0.57000000000000006	0.001	3.81407E-09	2.60231E-06	0.1094555	682.29214461192407	109.4555
0.5705	0.001	3.87855E-09	2.6478999999999997E-06	0.109459	682.703587680963	109.45899999999999
0.57100000000000006	0.001	3.95477E-09	2.70314E-06	0.109455	683.513832662835	109.45499999999998
0.5715	0.001	4.02993E-09	2.75932E-06	0.109455	684.706682250064	109.45499999999998
0.572	0.001	4.0980000000000005E-09	2.80781E-06	0.1094585	685.165934602245	109.45849999999999
0.5725	0.001	4.17766E-09	2.866E-06	0.10945300000000001	686.029978504713	109.453
0.57300000000000006	0.001	4.25801E-09	2.92535E-06	0.109456	687.02281112538492	109.456
0.5735	0.001	4.33027E-09	2.97755E-06	0.109456	687.613012583511	109.456
0.57400000000000007	0.001	4.41499E-09	3.03916E-06	0.1094595	688.373020097441	109.45949999999999
0.5745	0.001	4.49944E-09	3.10221E-06	0.109455	689.46580018846794	109.45499999999998
0.57500000000000007	0.001	4.5762300000000004E-09	3.1572E-06	0.10945750000000001	689.91287588255	109.45750000000001
0.5755	0.001	4.66544E-09	3.22291E-06	0.10945750000000001	690.805154497754	109.45750000000001
0.576	0.001	4.7550400000000006E-09	3.2892599999999997E-06	0.1094585	691.741815000505	109.45849999999999
0.5765	0.001	4.8357400000000009E-09	3.34749E-06	0.1094555	692.239450425374	109.4555
0.577	0.001	4.92948E-09	3.41673E-06	0.10945100000000002	693.121789722242	109.45100000000001
0.5775	0.001	5.02598E-09	3.48766E-06	0.1094585	693.926358640504	109.45849999999999
0.57800000000000007	0.001	5.1102600000000009E-09	3.5485999999999998E-06	0.10945450000000001	694.406938198839	109.45450000000001
0.5785	0.001	5.20926E-09	3.6221899999999995E-06	0.10945450000000001	695.33676568265	109.45450000000001
0.57900000000000007	0.001	5.30856E-09	3.69698E-06	0.10945700000000001	696.418614464186	109.45700000000001
0.5795	0.001	5.40032E-09	3.76205E-06	0.10945100000000002	696.634643872956	109.45100000000001
0.58	0.001	5.50463E-09	3.83982E-06	0.10945700000000001	697.56187064344	109.45700000000001
0.5805	0.001	5.6112100000000005E-09	3.91942E-06	0.109455	698.498184883474	109.45499999999998
0.581	0.001	5.7072300000000008E-09	3.98895E-06	0.10945350000000001	698.929252895012	109.4535
0.5815	0.001	5.8178400000000007E-09	4.07081E-06	0.10945350000000001	699.711576805137	109.4535
0.58200000000000007	0.001	5.93129E-09	4.15508E-06	0.10945350000000001	700.535633900888	109.4535
0.5825	0.001	6.03231E-09	4.2286799999999993E-06	0.1094515	701.005087603256	109.4515
0.58300000000000007	0.001	6.1501200000000007E-09	4.3164E-06	0.10945800000000001	701.839964098261	109.45800000000001
0.5835	0.001	6.26977E-09	4.40561E-06	0.10945700000000001	702.674898760242	109.45700000000001
0.584	0.001	6.37669E-09	4.48364E-06	0.10945	703.129680131855	109.45
0.5845	0.001	6.5002300000000008E-09	4.57682E-06	0.1094555	704.101239494602	109.4555
0.585	0.001	6.61002E-09	4.65717E-06	0.10945350000000001	704.562164713571	109.4535
0.5855	0.001	6.7410300000000011E-09	4.75377E-06	0.10945300000000001	705.199353807949	109.453
0.58600000000000008	0.001	6.87235E-09	4.85169E-06	0.10945400000000001	705.972483939264	109.45400000000001
0.5865	0.001	6.9878200000000008E-09	4.9388899999999996E-06	0.10945250000000001	706.785521092415	109.4525
0.58700000000000008	0.001	7.1265300000000006E-09	5.0405499999999995E-06	0.10945400000000001	707.293732012634	109.45400000000001
0.5875	0.001	7.26512E-09	5.1451599999999992E-06	0.10945250000000001	708.20027749025508	109.4525
0.588	0.001	7.3887E-09	5.23528E-06	0.10945300000000001	708.552248704102	109.453
0.5885	0.001	7.5336E-09	5.34396E-06	0.109456	709.350111500478	109.456
0.589	0.001	7.6811100000000014E-09	5.45408E-06	0.1094555	710.064040223353	109.4555
0.5895	0.001	7.8128100000000009E-09	5.55056E-06	0.10945400000000001	710.443489602332	109.45400000000001
0.59000000000000008	0.001	7.96493E-09	5.66587E-06	0.1094555	711.352139943477	109.4555
0.5905	0.001	8.12029E-09	5.7833699999999991E-06	0.10945750000000001	712.212248577329	109.45750000000001
0.59100000000000008	0.001	8.259440000000001E-09	5.88532E-06	0.1094555	712.556783510746	109.4555
0.5915	0.001	8.4205900000000014E-09	6.00598E-06	0.1094515	713.24930913392006	109.4515
0.592	0.001	8.58499E-09	6.13107E-06	0.109456	714.16157735769	109.456
0.5925	0.001	8.73279E-09	6.2401999999999991E-06	0.10945700000000001	714.571173702791	109.45700000000001
0.593	0.001	8.90552E-09	6.36857E-06	0.10945350000000001	715.126124021955	109.4535
0.5935	0.001	9.0795700000000011E-09	6.50136E-06	0.10945650000000001	716.042720084762	109.4565
0.59400000000000008	0.001	9.235160000000001E-09	6.6167E-06	0.1094555	716.46836654697893	109.4555
0.5945	0.001	9.4170000000000009E-09	6.75298E-06	0.109455	717.10523521291293	109.45499999999998
0.59500000000000008	0.001	9.5997800000000009E-09	6.8921299999999992E-06	0.10945700000000001	717.946661277654	109.45700000000001
0.5955	0.001	9.76451E-09	7.01311E-06	0.10945300000000001	718.224467996858	109.453
0.596	0.001	9.95582E-09	7.15798E-06	0.10945450000000001	718.97442902744308	109.45450000000001
0.5965	0.001	1.015183E-08	7.30551E-06	0.10945400000000001	719.6249346177	109.45400000000001
0.597	0.001	1.032385E-08	7.4349E-06	0.1094515	720.167379417562	109.4515
0.5975	0.001	1.05274E-08	7.58882E-06	0.10945350000000001	720.863651043942	109.4535
0.59800000000000009	0.001	1.073527E-08	7.74728E-06	0.10945250000000001	721.66605963333893	109.4525
0.5985	0.001	1.091949E-08	7.88364E-06	0.10945100000000002	721.97877373393794	109.45100000000001
0.59900000000000009	0.001	1.113576E-08	8.0460100000000013E-06	0.10945250000000001	722.538021652766	109.4525
0.5995	0.001	1.1355360000000002E-08	8.21317E-06	0.10945800000000001	723.285743472686	109.45800000000001
0.60000000000000009	0.001	1.15561E-08	8.36351E-06	0.109456	723.731189588183	109.456
0.6005	0.001	1.17848E-08	8.53453E-06	0.10946149999999999	724.198119611703	109.46149999999999
0.601	0.001	1.2017800000000001E-08	8.71081E-06	0.10946050000000002	724.825675248382	109.46050000000001
0.6015	0.001	1.2221400000000001E-08	8.8653E-06	0.10945750000000001	725.391526339044	109.45750000000001
0.602	0.001	1.2464E-08	9.04801E-06	0.10946050000000002	725.93148267009	109.46050000000001
0.6025	0.001	1.2711900000000001E-08	9.23733E-06	0.1094585	726.667925329809	109.45849999999999
0.60300000000000009	0.001	1.2927100000000001E-08	9.3990500000000011E-06	0.10946100000000002	727.081093207293	109.46100000000001
0.6035	0.001	1.3184400000000001E-08	9.5946099999999986E-06	0.10945750000000001	727.724431904372	109.45750000000001
0.60400000000000009	0.001	1.34459E-08	9.7932799999999985E-06	0.1094625	728.346931034739	109.46249999999999
0.6045	0.001	1.3673900000000002E-08	9.96586E-06	0.1094595	728.82352510988108	109.45949999999999
0.605	0.001	1.3945099999999999E-08	1.0172640000000001E-05	0.10946	729.47773769998093	109.46000000000001
0.6055	0.001	1.4222E-08	1.0382970000000002E-05	0.10946149999999999	730.063985374772	109.46149999999999
0.606	0.001	1.4463600000000001E-08	1.0566150000000002E-05	0.1094585	730.533891977101	109.45849999999999
0.6065	0.001	1.47518E-08	1.078582E-05	0.10945700000000001	731.152808470831	109.45700000000001
0.6070000000000001	0.001	1.5046E-08	1.1009270000000001E-05	0.10945700000000001	731.707430546325	109.45700000000001
0.6075	0.001	1.53E-08	1.1204380000000001E-05	0.10945400000000001	732.31241830065392	109.45400000000001
0.6080000000000001	0.001	1.56018E-08	1.1434560000000001E-05	0.109464	732.90004999423206	109.464
0.6085	0.001	1.59145E-08	1.1672000000000001E-05	0.109455	733.419208897546	109.45499999999998
0.609	0.001	1.6185600000000002E-08	1.1877E-05	0.1094595	733.800415183867	109.45949999999999
0.6095	0.001	1.65052E-08	1.2116800000000002E-05	0.10946149999999999	734.120156072026	109.46149999999999
0.61	0.001	1.6833899999999998E-08	1.23731E-05	0.10945800000000001	735.010900623148	109.45800000000001
0.6105	0.001	1.7122900000000002E-08	1.2593000000000001E-05	0.1094555	735.44785053933606	109.4555
0.6110000000000001	0.001	1.74626E-08	1.28503E-05	0.109456	735.875528271849	109.456
0.6115	0.001	1.7812200000000002E-08	1.3116900000000001E-05	0.10945650000000001	736.399770943511	109.4565
0.6120000000000001	0.001	1.81156E-08	1.3350800000000001E-05	0.10945750000000001	736.97807414604006	109.45750000000001
0.6125	0.001	1.84764E-08	1.3625300000000002E-05	0.10945450000000001	737.443441363036	109.45450000000001
0.613	0.001	1.88469E-08	1.3910800000000002E-05	0.109455	738.094859101497	109.45499999999998
0.6135	0.001	1.9171E-08	1.4156600000000001E-05	0.109455	738.438266131136	109.45499999999998
0.614	0.001	1.95508E-08	1.4447300000000001E-05	0.10946100000000002	738.962088507887	109.46100000000001
0.6145	0.001	1.99424E-08	1.47494E-05	0.1094555	739.60004813863907	109.4555
0.6150000000000001	0.001	2.0283600000000003E-08	1.5009800000000002E-05	0.10945300000000001	739.99684474156493	109.453
0.6155	0.001	2.0686900000000003E-08	1.5318200000000002E-05	0.10945700000000001	740.478273690113	109.45700000000001
0.6160000000000001	0.001	2.10384E-08	1.55912E-05	0.109455	741.082972089132	109.45499999999998
0.6165	0.001	2.1459100000000003E-08	1.59066E-05	0.1094555	741.25196303666007	109.4555
0.617	0.001	2.18893E-08	1.6242E-05	0.10945250000000001	742.006368408309	109.4525
0.6175	0.001	2.2264E-08	1.65233E-05	0.109456	742.153251886454	109.456
0.618	0.001	2.27047E-08	1.68685E-05	0.10945400000000001	742.951899826908	109.45400000000001
0.6185	0.001	2.31597E-08	1.72125E-05	0.109455	743.209108926282	109.45499999999998
0.61900000000000011	0.001	2.35509E-08	1.75184E-05	0.1094555	743.852676543147	109.4555
0.6195	0.001	2.4022E-08	1.78805E-05	0.10945250000000001	744.33852302056391	109.4525
0.62000000000000011	0.001	2.45043E-08	1.8247100000000004E-05	0.10945800000000001	744.648898356615	109.45800000000001
0.6205	0.001	2.4926E-08	1.85703E-05	0.10945650000000001	745.017251063147	109.4565
0.621	0.001	2.54276E-08	1.89569E-05	0.10945750000000001	745.524548128805	109.45750000000001
0.6215	0.001	2.59365E-08	1.93522E-05	0.10945750000000001	746.13768241667208	109.45750000000001
0.622	0.001	2.63794E-08	1.96937E-05	0.109455	746.556024776909	109.45499999999998
0.6225	0.001	2.69088E-08	2.0097500000000002E-05	0.10945650000000001	746.874628374361	109.4565
0.62300000000000011	0.001	2.74445E-08	2.05136E-05	0.109452	747.457596239684	109.452
0.6235	0.001	2.7917700000000003E-08	2.0876600000000003E-05	0.109456	747.790828040992	109.456
0.62400000000000011	0.001	2.84809E-08	2.1311100000000003E-05	0.1094555	748.259359781468	109.4555
0.6245	0.001	2.9054600000000003E-08	2.1750900000000002E-05	0.10945350000000001	748.621560785556	109.4535
0.625	0.001	2.95517E-08	2.21345E-05	0.10945350000000001	749.009363251522	109.4535
0.62550000000000006	0.001	3.01352E-08	2.25873E-05	0.109456	749.532108630439	109.456
0.626	0.001	3.07374E-08	2.3054000000000003E-05	0.1094555	750.030906973264	109.4555
0.62650000000000006	0.001	3.12683E-08	2.34687E-05	0.109456	750.55887272413293	109.456
0.627	0.001	3.1893600000000006E-08	2.3942800000000004E-05	0.1094515	750.70860611533408	109.4515
0.62750000000000006	0.001	3.25321E-08	2.4443100000000003E-05	0.10945350000000001	751.35327876159192	109.4535
0.62800000000000011	0.001	3.30932E-08	2.4878700000000003E-05	0.10945650000000001	751.776800067688	109.4565
0.62850000000000006	0.001	3.37614E-08	2.5390700000000004E-05	0.10945650000000001	752.063006865829	109.4565
0.629	0.001	3.44357E-08	2.5913500000000002E-05	0.10945450000000001	752.518461945016	109.45450000000001
0.62950000000000006	0.001	3.50281E-08	2.6372500000000002E-05	0.109455	752.895532443952	109.45499999999998
0.63	0.001	3.57395E-08	2.6917800000000002E-05	0.10945750000000001	753.16666433497994	109.45750000000001
0.63050000000000006	0.001	3.63377E-08	2.7395200000000005E-05	0.1094555	753.905723257113	109.4555
0.631	0.001	3.70811E-08	2.79621E-05	0.1094555	754.07957153374593	109.4555
0.63150000000000006	0.001	3.7824900000000004E-08	2.85402E-05	0.1094555	754.534711261629	109.4555
0.63200000000000012	0.001	3.84685E-08	2.90483E-05	0.1094555	755.119123438658	109.4555
0.63250000000000006	0.001	3.92465E-08	2.9642700000000003E-05	0.10945750000000001	755.295376657791	109.45750000000001
0.633	0.001	4.0040500000000007E-08	3.0255000000000004E-05	0.10945250000000001	755.609944930758	109.4525
0.63350000000000006	0.001	4.0720000000000003E-08	3.0787900000000004E-05	0.109456	756.08791748526494	109.456
0.634	0.001	4.15356E-08	3.1418900000000005E-05	0.10945650000000001	756.433035757278	109.4565
0.63450000000000006	0.001	4.2375100000000006E-08	3.20724E-05	0.10945450000000001	756.86901033861909	109.45450000000001
0.635	0.001	4.3104899999999996E-08	3.2639200000000004E-05	0.109452	757.20393737139	109.452
0.63550000000000006	0.001	4.39715E-08	3.3309E-05	0.10945450000000001	757.513389354468	109.45450000000001
0.63600000000000012	0.001	4.4852E-08	3.39974E-05	0.10945350000000001	757.99072505128	109.4535
0.63650000000000007	0.001	4.56308E-08	3.4592700000000005E-05	0.10945350000000001	758.099792245589	109.4535
0.637	0.001	4.65414E-08	3.5307300000000007E-05	0.109456	758.621356469724	109.456
0.63750000000000007	0.001	4.74768E-08	3.60337E-05	0.109456	758.974909850706	109.456
0.638	0.001	4.8299700000000006E-08	3.66798E-05	0.1094585	759.42086596811191	109.45849999999999
0.63850000000000007	0.001	4.9280400000000004E-08	3.7436200000000006E-05	0.10945100000000002	759.656983303707	109.45100000000001
0.639	0.001	5.0271800000000004E-08	3.82129E-05	0.10945100000000002	760.125955306951	109.45100000000001
0.6395	0.001	5.11425E-08	3.88807E-05	0.1094515	760.242459793714	109.4515
0.64000000000000012	0.001	5.2169800000000006E-08	3.9681800000000004E-05	0.109455	760.62779615793	109.45499999999998
0.64050000000000007	0.001	5.32283E-08	4.05056E-05	0.10945700000000001	760.978652333439	109.45700000000001
0.641	0.001	5.4147900000000004E-08	4.1221200000000004E-05	0.109455	761.270520186378	109.45499999999998
0.64150000000000007	0.001	5.5242500000000006E-08	4.20789E-05	0.10945350000000001	761.712449653799	109.4535
0.642	0.001	5.63442E-08	4.29289E-05	0.109455	761.904508361109	109.45499999999998
0.64250000000000007	0.001	5.7313000000000005E-08	4.36884E-05	0.10945250000000001	762.277319281838	109.4525
0.643	0.001	5.84615E-08	4.4590500000000006E-05	0.10945100000000002	762.73273863996	109.45100000000001
0.6435	0.001	5.94747E-08	4.5393700000000006E-05	0.10945100000000002	763.243866719798	109.45100000000001
0.64400000000000013	0.001	6.06707E-08	4.63172E-05	0.10945650000000001	763.419574852441	109.4565
0.64450000000000007	0.001	6.18787E-08	4.72622E-05	0.10945750000000001	763.787862382371	109.45750000000001
0.645	0.001	6.29256E-08	4.81E-05	0.10945100000000002	764.394777324332	109.45100000000001
0.64550000000000007	0.001	6.42208E-08	4.909480000000001E-05	0.10944750000000002	764.468832527779	109.4475
0.646	0.001	6.54863E-08	5.0102700000000004E-05	0.109456	765.086743334102	109.456
0.64650000000000007	0.001	6.66285E-08	5.09721E-05	0.109455	765.019473648664	109.45499999999998
0.647	0.001	6.79814E-08	5.2038700000000007E-05	0.10945450000000001	765.484382492858	109.45450000000001
0.6475	0.001	6.93527E-08	5.3116500000000006E-05	0.10945300000000001	765.889431846201	109.453
0.64800000000000013	0.001	7.05645E-08	5.40544E-05	0.10945750000000001	766.028243663599	109.45750000000001
0.64850000000000008	0.001	7.1982600000000008E-08	5.5167700000000004E-05	0.10945750000000001	766.40326967906094	109.45750000000001
0.649	0.001	7.34316E-08	5.6296000000000004E-05	0.1094555	766.645422406702	109.4555
0.64950000000000008	0.001	7.46789E-08	5.7300200000000004E-05	0.10945100000000002	767.287680991552	109.45100000000001
0.65	0.001	7.61884E-08	5.84671E-05	0.10945350000000001	767.401599193578	109.4535
0.65050000000000008	0.001	7.77451E-08	5.9662800000000008E-05	0.10945450000000001	767.415567026089	109.45450000000001
0.651	0.001	7.90862E-08	6.0733800000000005E-05	0.109449	767.944344272452	109.449
0.6515	0.001	8.06662E-08	6.1988700000000012E-05	0.109455	768.459404310604	109.45499999999998
0.652	0.001	8.23273E-08	6.3259E-05	0.10945250000000001	768.384241922181	109.4525
0.65250000000000008	0.001	8.37529E-08	6.43649E-05	0.10945450000000001	768.509508327473	109.45450000000001
0.653	0.001	8.543010000000001E-08	6.5688700000000007E-05	0.10945350000000001	768.917512679957	109.4535
0.65350000000000008	0.001	8.71591E-08	6.70377E-05	0.10945350000000001	769.141718994345	109.4535
0.654	0.001	8.86463E-08	6.8217E-05	0.10945250000000001	769.54142474079606	109.4525
0.65450000000000008	0.001	9.04113E-08	6.96018E-05	0.109455	769.835186530887	109.45499999999998
0.655	0.001	9.2234999999999992E-08	7.1029700000000009E-05	0.1094555	770.09486637393593	109.4555
0.6555	0.001	9.383580000000001E-08	7.2267900000000013E-05	0.109456	770.152756197528	109.456
0.656	0.001	9.57156E-08	7.37639E-05	0.10945250000000001	770.657029784069	109.4525
0.65650000000000008	0.001	9.73565E-08	7.5076200000000011E-05	0.10945350000000001	771.147278301911	109.4535
0.657	0.001	9.93592E-08	7.6619E-05	0.10944799999999999	771.131410075766	109.448
0.65750000000000008	0.001	1.0135639999999998E-07	7.8183800000000009E-05	0.1094505	771.375068569918	109.4505
0.658	0.001	1.0303539999999999E-07	7.9544800000000011E-05	0.10945350000000001	772.014278587748	109.4535
0.65850000000000009	0.001	1.0518849999999999E-07	8.1197300000000009E-05	0.109456	771.921835561872	109.456
0.659	0.001	1.0732569999999999E-07	8.28474E-05	0.109455	771.925084113125	109.45499999999998
0.6595	0.001	1.091698E-07	8.4329400000000013E-05	0.1094495	772.460882038806	109.4495
0.66	0.001	1.1133869999999999E-07	8.60441E-05	0.109449	772.813945196055	109.449
0.66050000000000009	0.001	1.136165E-07	8.7807000000000008E-05	0.109452	772.836691853736	109.452
0.661	0.001	1.15618E-07	8.9346000000000008E-05	0.1094515	772.768946011867	109.4515
0.66150000000000009	0.001	1.1793699999999999E-07	9.1202600000000013E-05	0.10945250000000001	773.316262072124	109.4525
0.662	0.001	1.20302E-07	9.3081700000000007E-05	0.10945	773.73360376386108	109.45
0.66250000000000009	0.001	1.2239899999999998E-07	9.47068E-05	0.10945350000000001	773.75468753829693	109.4535
0.663	0.001	1.24824E-07	9.6663300000000014E-05	0.10945350000000001	774.39675062487993	109.4535
0.6635	0.001	1.27354E-07	9.8631200000000012E-05	0.1094505	774.46487742827094	109.4505
0.664	0.001	1.29569E-07	0.0001003557	0.1094515	774.534803849686	109.4515
0.6645	0.001	1.32175E-07	0.00010241690000000001	0.10945250000000001	774.85833175714	109.4525
0.665	0.001	1.34826E-07	0.0001045119	0.10945350000000001	775.16131903342091	109.4535
0.66550000000000009	0.001	1.3715499999999999E-07	0.0001063137	0.1094495	775.135430717072	109.4495
0.666	0.001	1.39962E-07	0.0001085311	0.10945100000000002	775.43261742473	109.45100000000001
0.66650000000000009	0.001	1.42622E-07	0.0001107575	0.10945	776.580751917656	109.45
0.667	0.001	1.45191E-07	0.00011268180000000002	0.10945350000000001	776.093559518152	109.4535
0.6675	0.001	1.48167E-07	0.000115017	0.10945250000000001	776.26597015529808	109.4525
0.668	0.001	1.51122E-07	0.00011738	0.10945250000000001	776.723441987269	109.4525
0.6685	0.001	1.53626E-07	0.00011941900000000002	0.10945100000000002	777.335867626574	109.45100000000001
0.669	0.001	1.56884E-07	0.00012188200000000001	0.1094485	776.892481068815	109.4485
0.6695000000000001	0.001	1.5960899999999998E-07	0.000124028	0.1094495	777.073974525246	109.4495
0.67	0.001	1.62815E-07	0.000126596	0.1094495	777.545066486503	109.4495
0.6705000000000001	0.001	1.6611199999999997E-07	0.00012919	0.109452	777.728279714891	109.452
0.671	0.001	1.6899299999999998E-07	0.000131445	0.109449	777.81328220695491	109.449
0.6715	0.001	1.7242599999999999E-07	0.000134141	0.1094485	777.962720239407	109.4485
0.672	0.001	1.7590399999999999E-07	0.000136849	0.10945350000000001	777.97548662907	109.4535
0.6725	0.001	1.7877E-07	0.00013925099999999999	0.10945100000000002	778.939419365665	109.45100000000001
0.673	0.001	1.825E-07	0.00014208000000000002	0.10945350000000001	778.520547945206	109.4535
0.6735000000000001	0.001	1.86064E-07	0.00014497700000000002	0.1094505	779.178132255568	109.4505
0.674	0.001	1.89175E-07	0.000147503	0.10945	779.71719307519493	109.45
0.6745000000000001	0.001	1.93207E-07	0.000150555	0.1094495	779.241952931312	109.4495
0.675	0.001	1.9706E-07	0.000153643	0.10945300000000001	779.676240738861	109.453
0.6755	0.001	2.00504E-07	0.00015629	0.1094485	779.485696045964	109.4485
0.676	0.001	2.044E-07	0.00015948400000000002	0.10945250000000001	780.254403131116	109.4525
0.6765	0.001	2.08636E-07	0.00016273100000000003	0.10945300000000001	779.97565137368406	109.453
0.677	0.001	2.12168E-07	0.00016557500000000003	0.10944799999999999	780.39572414313193	109.448
0.6775000000000001	0.001	2.1651999999999998E-07	0.000168943	0.1094505	780.265102530944	109.4505
0.678	0.001	2.20891E-07	0.000172408	0.10945400000000001	780.511655069695	109.45400000000001
0.6785000000000001	0.001	2.24675E-07	0.000175448	0.10945100000000002	780.89685100701	109.45100000000001
0.679	0.001	2.29002E-07	0.00017898700000000003	0.1094505	781.595793923197	109.4505
0.6795	0.001	2.33799E-07	0.000182623	0.10945250000000001	781.111125368372	109.4525
0.68	0.001	2.37868E-07	0.000185862	0.1094515	781.366135840046	109.4515
0.6805	0.001	2.42555E-07	0.000189642	0.10945	781.851538826246	109.45
0.681	0.001	2.47601E-07	0.00019348800000000002	0.10945400000000001	781.450801894984	109.45400000000001
0.68150000000000011	0.001	2.51831E-07	0.00019691200000000002	0.1094495	781.92120906481	109.4495
0.682	0.001	2.56951E-07	0.00020088700000000002	0.10945250000000001	781.810539752716	109.4525
0.68250000000000011	0.001	2.62044E-07	0.00020497600000000002	0.10945350000000001	782.219779884294	109.4535
0.683	0.001	2.66326E-07	0.000208559	0.1094515	783.096655978012	109.4515
0.6835	0.001	2.7200799999999996E-07	0.00021276600000000003	0.10945250000000001	782.204935148966	109.4525
0.684	0.001	2.76719E-07	0.000216493	0.1094485	782.35683129817608	109.4485
0.6845	0.001	2.8224399999999997E-07	0.00022090600000000002	0.1094465	782.677399696716	109.4465
0.685	0.001	2.8783599999999996E-07	0.00022533500000000004	0.10945100000000002	782.858989146598	109.45100000000001
0.68550000000000011	0.001	2.92887E-07	0.000229275	0.109452	782.810435423901	109.452
0.686	0.001	2.98612E-07	0.000233961	0.10945	783.494970061484	109.45
0.68650000000000011	0.001	3.048E-07	0.00023871000000000002	0.10945300000000001	783.16929133858309	109.453
0.687	0.001	3.09906E-07	0.000242812	0.10945400000000001	783.502094183398	109.45400000000001
0.6875	0.001	3.16176E-07	0.00024777	0.1094485	783.645817519356	109.4485
0.68800000000000006	0.001	3.2248899999999994E-07	0.00025282200000000004	0.1094515	783.97092614011706	109.4515
0.6885	0.001	3.28005E-07	0.000257173	0.10945250000000001	784.05207237694606	109.4525
0.68900000000000006	0.001	3.34623E-07	0.000262362	0.109452	784.052500874118	109.452
0.6895	0.001	3.41222E-07	0.000267724	0.10945250000000001	784.603571868168	109.4525
0.69000000000000006	0.001	3.4707599999999995E-07	0.000272381	0.10945100000000002	784.787769825629	109.45100000000001
0.69050000000000011	0.001	3.54315E-07	0.000277913	0.10945100000000002	784.36701804891106	109.45100000000001
0.69100000000000006	0.001	3.61477E-07	0.00028358400000000003	0.1094495	784.514644085239	109.4495
0.6915	0.001	3.6764899999999996E-07	0.000288441	0.10945250000000001	784.555377547607	109.4525
0.69200000000000006	0.001	3.74899E-07	0.00029432600000000003	0.10945250000000001	785.08078175721994	109.4525
0.6925	0.001	3.82542E-07	0.000300202	0.109455	784.755660816329	109.45499999999998
0.69300000000000006	0.001	3.89035E-07	0.000305407	0.10945300000000001	785.037335972342	109.453
0.6935	0.001	3.96761E-07	0.000311647	0.1094505	785.477907354806	109.4505
0.69400000000000006	0.001	4.04602E-07	0.00031781	0.10945250000000001	785.487961008596	109.4525
0.69450000000000012	0.001	4.11519E-07	0.000323308	0.1094505	785.645377248681	109.4505
0.69500000000000006	0.001	4.19902E-07	0.00032992400000000005	0.10945350000000001	785.71666722235193	109.4535
0.6955	0.001	4.28196E-07	0.00033649	0.10945	785.831721921737	109.45
0.69600000000000006	0.001	4.35513E-07	0.00034234300000000005	0.1094505	786.068383722185	109.4505
0.6965	0.001	4.44231E-07	0.00034918000000000004	0.10945250000000001	786.032492104333	109.4525
0.69700000000000006	0.001	4.5196899999999996E-07	0.000355234	0.10945100000000002	785.969834214294	109.45100000000001
0.6975	0.001	4.61026E-07	0.000362386	0.10945450000000001	786.042435784533	109.45450000000001
0.69800000000000006	0.001	4.7013299999999991E-07	0.00036970000000000004	0.1094485	786.373217791561	109.4485
0.69850000000000012	0.001	4.7815799999999993E-07	0.000375979	0.10945400000000001	786.307036586233	109.45400000000001
0.69900000000000007	0.001	4.87811E-07	0.00038362300000000004	0.10945100000000002	786.41728046313	109.45100000000001
0.6995	0.001	4.9759299999999992E-07	0.00039122800000000003	0.10945450000000001	786.24096400069993	109.45450000000001
0.70000000000000007	0.001	5.05953E-07	0.000397879	0.10945250000000001	786.39517899884	109.4525
0.7005	0.001	5.16064E-07	0.00040599800000000008	0.109452	786.720251751721	109.452
0.70100000000000007	0.001	5.26109E-07	0.00041418100000000007	0.10945250000000001	787.25321178691092	109.4525
0.7015	0.001	5.35324E-07	0.00042129000000000005	0.10945350000000001	786.98134214046092	109.4535
0.702	0.001	5.45974E-07	0.00042975500000000003	0.109452	787.13455219479306	109.452
0.70250000000000012	0.001	5.56907E-07	0.00043823800000000008	0.10945300000000001	786.914152632307	109.453
0.70300000000000007	0.001	5.66052E-07	0.00044576900000000005	0.10945300000000001	787.50538819755093	109.453
0.7035	0.001	5.77546E-07	0.000454681	0.10945250000000001	787.263698475966	109.4525
0.70400000000000007	0.001	5.89202E-07	0.00046384800000000005	0.10945750000000001	787.247836904831	109.45750000000001
0.7045	0.001	5.9900499999999993E-07	0.00047171900000000006	0.10945100000000002	787.50427792756307	109.45100000000001
0.70500000000000007	0.001	6.10845E-07	0.00048118600000000004	0.10945300000000001	787.738296949308	109.453
0.7055	0.001	6.2301699999999995E-07	0.00049080500000000008	0.10944799999999999	787.78749215510993	109.448
0.706	0.001	6.33497E-07	0.00049913499999999994	0.10945350000000001	787.90428368248	109.4535
0.70650000000000013	0.001	6.4608100000000005E-07	0.00050903	0.10945300000000001	787.87334714997	109.453
0.70700000000000007	0.001	6.5916699999999991E-07	0.000519338	0.10945100000000002	787.87014519841	109.45100000000001
0.7075	0.001	6.70331E-07	0.00052803000000000008	0.109455	787.715322728622	109.45499999999998
0.70800000000000007	0.001	6.83419E-07	0.000538676	0.10945350000000001	788.207527153913	109.4535
0.7085	0.001	6.96426E-07	0.000549254	0.10945250000000001	788.675322288369	109.4525
0.70900000000000007	0.001	7.0878E-07	0.000558653	0.10945400000000001	788.189565168317	109.45400000000001
0.7095	0.001	7.22639E-07	0.00056982100000000009	0.10945250000000001	788.527881833115	109.4525
0.71	0.001	7.35211E-07	0.00057946700000000007	0.10945300000000001	788.16421408275994	109.453
0.71050000000000013	0.001	7.49349E-07	0.000590804	0.10945250000000001	788.423017846157	109.4525
0.71100000000000008	0.001	7.64315E-07	0.00060254200000000007	0.109452	788.342502763913	109.452
0.7115	0.001	7.77309E-07	0.000612813	0.10945250000000001	788.377595010479	109.4525
0.71200000000000008	0.001	7.92236E-07	0.0006249920000000001	0.10945350000000001	788.89623798969	109.4535
0.7125	0.001	8.07892E-07	0.000637306	0.10945350000000001	788.850489916969	109.4535
0.71300000000000008	0.001	8.21709E-07	0.000648268	0.109452	788.92649344232609	109.452
0.7135	0.001	8.3771E-07	0.000660887	0.10945100000000002	788.9209869764	109.45100000000001
0.714	0.001	8.54062E-07	0.00067391500000000008	0.1094505	789.070348522707	109.4505
0.7145	0.001	8.6854499999999989E-07	0.00068518100000000009	0.10945100000000002	788.88370781018807	109.45100000000001
0.71500000000000008	0.001	8.85388E-07	0.00069863	0.109456	789.066488364423	109.456
0.7155	0.001	9.0285699999999994E-07	0.000712521	0.109455	789.184776769743	109.45499999999998
0.71600000000000008	0.001	9.17975E-07	0.00072459	0.109455	789.33522154742809	109.45499999999998
0.7165	0.001	9.3583599999999994E-07	0.000738939	0.1094515	789.603092849602	109.4515
0.71700000000000008	0.001	9.54331E-07	0.00075318600000000009	0.10945350000000001	789.229313519104	109.4535
0.7175	0.001	9.70166E-07	0.000765811	0.109455	789.36078980298191	109.45499999999998
0.718	0.001	9.88879E-07	0.000780939	0.109452	789.721492720545	109.452
0.7185	0.001	1.0082889999999999E-06	0.00079616800000000009	0.10945250000000001	789.62281647424493	109.4525
0.71900000000000008	0.001	1.025614E-06	0.000809568	0.109452	789.349599361943	109.452
0.7195	0.001	1.045563E-06	0.00082543100000000006	0.109455	789.460797675511	109.45499999999998
0.72000000000000008	0.001	1.0658939999999999E-06	0.00084137799999999994	0.10945450000000001	789.36367030868007	109.45450000000001
0.7205	0.001	1.0839989999999999E-06	0.0008556010000000001	0.10945350000000001	789.300543635188	109.4535
0.72100000000000009	0.001	1.1047089999999998E-06	0.0008721890000000001	0.109456	789.51923085627106	109.456
0.7215	0.001	1.126413E-06	0.00088930900000000013	0.10945350000000001	789.50527026943	109.4535
0.722	0.001	1.144773E-06	0.00090390700000000013	0.10945450000000001	789.594967735962	109.45450000000001
0.7225	0.001	1.167E-06	0.00092131000000000016	0.10945	789.468723221937	109.45
0.72300000000000009	0.001	1.18942E-06	0.00093940800000000008	0.1094505	789.80343360629593	109.4505
0.7235	0.001	1.20934E-06	0.000954672	0.10944700000000002	789.415714356591	109.447
0.72400000000000009	0.001	1.23297E-06	0.00097329000000000014	0.10944700000000002	789.386603080367	109.447
0.7245	0.001	1.2533499999999998E-06	0.000989321	0.1094505	789.34136514142108	109.4505
0.72500000000000009	0.001	1.27723E-06	0.0010085040000000001	0.10944700000000002	789.602499158335	109.447
0.7255	0.001	1.30189E-06	0.001028	0.1094485	789.62124296215507	109.4485
0.726	0.001	1.32321E-06	0.00104487	0.109449	789.647901693609	109.449
0.7265	0.001	1.34915E-06	0.001064969	0.109449	789.362932216581	109.449
0.727	0.001	1.37467E-06	0.001085466	0.1094485	789.619326820255	109.4485
0.7275	0.001	1.39736E-06	0.0011033059999999999	0.109449	789.564607545658	109.449
0.72800000000000009	0.001	1.42436E-06	0.0011246700000000001	0.10944799999999999	789.59673116347	109.448
0.7285	0.001	1.45159E-06	0.00114616	0.1094455	789.589346854139	109.4455
0.72900000000000009	0.001	1.47547E-06	0.00116498	0.1094495	789.565358834812	109.4495
0.7295	0.001	1.50336E-06	0.0011875100000000001	0.10944700000000002	789.903948488719	109.447
0.73	0.001	1.5321E-06	0.00120987	0.10944750000000002	789.68083023301392	109.4475
0.7305	0.001	1.5571299999999999E-06	0.0012297100000000002	0.10944700000000002	789.728539042983	109.447
0.731	0.001	1.5864499999999999E-06	0.00125284	0.10945	789.712880960636	109.45
0.7315	0.001	1.6168899999999999E-06	0.00127665	0.1094455	789.5713375677999	109.4455
0.7320000000000001	0.001	1.6432E-06	0.00129735	0.10944700000000002	789.526533592989	109.447
0.7325	0.001	1.67446E-06	0.00132205	0.10944300000000001	789.53811975204	109.443
0.7330000000000001	0.001	1.70595E-06	0.00134684	0.1094485	789.495588968024	109.4485
0.7335	0.001	1.7338E-06	0.00136892	0.10944700000000002	789.54896758565	109.447
0.734	0.001	1.76669E-06	0.00139459	0.10945250000000001	789.380140262298	109.4525
0.7345	0.001	1.79946E-06	0.00142087	0.10944750000000002	789.60910495370808	109.4475
0.735	0.001	1.82854E-06	0.0014439200000000002	0.109446	789.657322235226	109.446
0.7355	0.001	1.86288E-06	0.00147083	0.109445	789.546293910504	109.445
0.7360000000000001	0.001	1.89785E-06	0.00149863	0.109446	789.646178570488	109.446
0.7365	0.001	1.92844E-06	0.00152257	0.1094425	789.534546057954	109.4425
0.7370000000000001	0.001	1.96431E-06	0.0015509999999999999	0.10944799999999999	789.590237793424	109.448
0.7375	0.001	1.99597E-06	0.00157555	0.1094455	789.365571626828	109.4455
0.738	0.001	2.03282E-06	0.00160501	0.109446	789.548508967838	109.446
0.7385	0.001	2.07106E-06	0.00163498	0.109449	789.441155736676	109.449
0.739	0.001	2.10393E-06	0.0016612	0.109446	789.56999519946	109.446
0.7395	0.001	2.14366E-06	0.00169238	0.10945	789.48154091600406	109.45
0.7400000000000001	0.001	2.18324E-06	0.0017234400000000001	0.1094485	789.395577215515	109.4485
0.7405	0.001	2.21814E-06	0.0017506600000000002	0.1094485	789.24684645694208	109.4485
0.7410000000000001	0.001	2.25949E-06	0.00178239	0.10944750000000002	788.846155548376	109.4475
0.7415	0.001	2.29992E-06	0.00181529	0.10944750000000002	789.283975094786	109.4475
0.742	0.001	2.33668E-06	0.00184413	0.1094485	789.209476693428	109.4485
0.7425	0.001	2.3791699999999996E-06	0.0018779200000000002	0.1094485	789.317282917993	109.4485
0.743	0.001	2.42266E-06	0.00191173	0.10944700000000002	789.103712448301	109.447
0.7435	0.001	2.46145E-06	0.00194196	0.109446	788.949602876353	109.446
0.74400000000000011	0.001	2.5057E-06	0.00197723	0.10944750000000002	789.092868260366	109.4475
0.7445	0.001	2.5516999999999996E-06	0.0020131299999999997	0.1094495	788.936787239879	109.4495
0.74500000000000011	0.001	2.59174E-06	0.00204483	0.10944700000000002	788.97960443563	109.447
0.7455	0.001	2.63899E-06	0.0020815100000000004	0.10944700000000002	788.752515166787	109.447
0.746	0.001	2.6868699999999997E-06	0.00211957	0.1094425	788.862133262867	109.4425
0.7465	0.001	2.72895E-06	0.0021523500000000004	0.1094485	788.709943384818	109.4485
0.747	0.001	2.7792799999999997E-06	0.00219128	0.10944750000000002	788.434414668547	109.4475
0.7475	0.001	2.82886E-06	0.00223044	0.1094455	788.4589551975	109.4455
0.74800000000000011	0.001	2.87244E-06	0.0022648100000000003	0.1094495	788.462074055507	109.4495
0.7485	0.001	2.9251599999999997E-06	0.0023054100000000004	0.1094495	788.131247521503	109.4495
0.74900000000000011	0.001	2.97683E-06	0.0023463	0.109446	788.18743428412108	109.446
0.7495	0.001	3.02215E-06	0.0023820800000000004	0.109446	788.207071124862	109.446
0.75	0.001	3.07611E-06	0.00242401	0.1094455	788.011482034128	109.4455
0.75050000000000006	0.001	3.1232E-06	0.0024611999999999998	0.10944400000000001	788.037909836066	109.444
0.751	0.001	3.17803E-06	0.00250445	0.10944700000000002	788.051088252786	109.447
0.75150000000000006	0.001	3.2348499999999996E-06	0.00254893	0.10944300000000001	787.959256225173	109.443
0.752	0.001	3.2848399999999997E-06	0.00258772	0.109446	787.77657359262594	109.446
0.75250000000000006	0.001	3.34309E-06	0.00263286	0.1094465	787.552832858224	109.4465
0.75300000000000011	0.001	3.40262E-06	0.00267956	0.10944750000000002	787.499044853672	109.4475
0.75350000000000006	0.001	3.4535999999999994E-06	0.00271933	0.1094465	787.389969886495	109.4465
0.754	0.001	3.51439E-06	0.00276704	0.1094455	787.345741366212	109.4455
0.75450000000000006	0.001	3.5746799999999997E-06	0.0028151	0.1094445	787.511049940135	109.44449999999999
0.755	0.001	3.62842E-06	0.00285738	0.109445	787.49979329846008	109.445
0.75550000000000006	0.001	3.69117E-06	0.00290565	0.10944350000000001	787.189427742423	109.4435
0.756	0.001	3.7557099999999997E-06	0.00295661	0.1094425	787.23064347353807	109.4425
0.75650000000000006	0.001	3.8120099999999995E-06	0.0030000900000000004	0.10944799999999999	787.010002597055	109.448
0.75700000000000012	0.001	3.87703E-06	0.00305132	0.109445	787.025119743722	109.445
0.75750000000000006	0.001	3.9453999999999995E-06	0.00310465	0.1094495	786.90373599635006	109.4495
0.758	0.001	4.00343E-06	0.00314941	0.1094485	786.677923680444	109.4485
0.75850000000000006	0.001	4.0729699999999994E-06	0.00320398	0.1094455	786.644635241605	109.4455
0.759	0.001	4.1427399999999996E-06	0.0032584800000000002	0.10944750000000002	786.551895605324	109.4475
0.75950000000000006	0.001	4.20295E-06	0.00330547	0.10944700000000002	786.464269144292	109.447
0.76	0.001	4.2754899999999993E-06	0.0033613000000000002	0.10944700000000002	786.178894115061	109.447
0.76050000000000006	0.001	4.34805E-06	0.0034185599999999997	0.109445	786.228309242074	109.445
0.76100000000000012	0.001	4.41031E-06	0.00346731	0.109446	786.182830685371	109.446
0.76150000000000007	0.001	4.4860899999999994E-06	0.0035259	0.10944799999999999	785.962831775555	109.448
0.762	0.001	4.56126E-06	0.0035849799999999998	0.109445	785.96265067108607	109.445
0.76250000000000007	0.001	4.62688E-06	0.00363606	0.10944799999999999	785.855695414621	109.448
0.763	0.001	4.70471E-06	0.00369636	0.109446	785.672230594447	109.446
0.76350000000000007	0.001	4.77235E-06	0.00374896	0.1094455	785.558477479648	109.4455
0.764	0.001	4.85295E-06	0.00381106	0.109445	785.307905500778	109.445
0.7645	0.001	4.93149E-06	0.00387293	0.109445	785.346822157198	109.445
0.76500000000000012	0.001	5.0018599999999992E-06	0.00392792	0.10944750000000002	785.29187142383	109.4475
0.76550000000000007	0.001	5.0850299999999992E-06	0.00399224	0.1094455	785.096646430798	109.4455
0.766	0.001	5.1704E-06	0.0040571900000000004	0.1094465	784.69557481046	109.4465
0.76650000000000007	0.001	5.2421499999999994E-06	0.0041138899999999994	0.1094465	784.7715155041351	109.4465
0.767	0.001	5.3284399999999991E-06	0.00418062	0.109446	784.586107753864	109.446
0.76750000000000007	0.001	5.41569E-06	0.00424855	0.109445	784.48914173447906	109.445
0.768	0.001	5.4911199999999995E-06	0.0043073600000000005	0.1094445	784.422849983246	109.44449999999999
0.7685	0.001	5.5770099999999991E-06	0.00437374	0.1094455	784.244604187549	109.4455
0.76900000000000013	0.001	5.66654E-06	0.00444313	0.109449	784.099291631225	109.449
0.76950000000000007	0.001	5.74576E-06	0.00450479	0.1094445	784.01986856395	109.44449999999999
0.77	0.001	5.8385399999999995E-06	0.00457658	0.1094455	783.856923134893	109.4455
0.77050000000000007	0.001	5.9317399999999989E-06	0.00464868	0.1094465	783.69584641268807	109.4465
0.771	0.001	6.0136E-06	0.0047116	0.10944300000000001	783.49075429027494	109.443
0.77150000000000007	0.001	6.10858E-06	0.00478602	0.1094495	783.49141699052791	109.4495
0.772	0.001	6.20524E-06	0.00486106	0.10944700000000002	783.379853156365	109.447
0.7725	0.001	6.28972E-06	0.00492617	0.109446	783.20974542587	109.446
0.77300000000000013	0.001	6.38924E-06	0.00500195	0.1094485	782.87088918243808	109.4485
0.77350000000000008	0.001	6.48906E-06	0.00508018	0.10944799999999999	782.88380751603506	109.448
0.774	0.001	6.57727E-06	0.00514806	0.10944799999999999	782.704678384801	109.448
0.77450000000000008	0.001	6.67919E-06	0.0052279299999999996	0.109445	782.719162054081	109.445
0.775	0.001	6.78434E-06	0.00530702	0.109446	782.245583210747	109.446
0.77550000000000008	0.001	6.87475E-06	0.0053781600000000008	0.109446	782.30626568238893	109.446
0.776	0.001	6.97939E-06	0.00545998	0.10944100000000001	782.30045892262808	109.44100000000002
0.7765	0.001	7.08717E-06	0.00554186	0.1094425	781.95669075244393	109.4425
0.777	0.001	7.1818E-06	0.0056139200000000005	0.10944300000000001	781.68704224567693	109.443
0.77750000000000008	0.001	7.2905399999999993E-06	0.00569872	0.1094465	781.659520419612	109.4465
0.778	0.001	7.38576E-06	0.00577174	0.109445	781.468664023743	109.445
0.77850000000000008	0.001	7.4991E-06	0.00585877	0.10944350000000001	781.263084903522	109.4435
0.779	0.001	7.61197E-06	0.00594546	0.1094445	781.067187600582	109.44449999999999
0.77950000000000008	0.001	7.7099E-06	0.00602114	0.109445	780.96213958676492	109.445
0.78	0.001	7.82523E-06	0.00611048	0.10944700000000002	780.869060717704	109.447
0.7805	0.001	7.94205E-06	0.0062007899999999994	0.10944100000000001	780.754339244905	109.44100000000002
0.781	0.001	8.04415E-06	0.0062784000000000008	0.1094445	780.492656153851	109.44449999999999
0.78150000000000008	0.001	8.16333E-06	0.00636994	0.109446	780.311466031632	109.446
0.782	0.001	8.28333E-06	0.00646386	0.109446	780.34558565214707	109.446
0.78250000000000008	0.001	8.38836E-06	0.00654448	0.109445	780.185876619506	109.445
0.783	0.001	8.51361E-06	0.0066381	0.1094455	779.704496682371	109.4455
0.78350000000000009	0.001	8.6360799999999988E-06	0.0067341	0.109446	779.763503811915	109.446
0.784	0.001	8.74591E-06	0.00681673	0.10944100000000001	779.419179936679	109.44100000000002
0.7845	0.001	8.87285E-06	0.0069130200000000006	0.10944350000000001	779.120575688758	109.4435
0.785	0.001	9.0029E-06	0.0070122000000000006	0.1094455	778.88236012840309	109.4455
0.78550000000000009	0.001	9.11372E-06	0.0070970899999999995	0.1094465	778.725920919229	109.4465
0.786	0.001	9.243719999999999E-06	0.00719691	0.109446	778.572912204178	109.446
0.78650000000000009	0.001	9.3781199999999989E-06	0.00729887	0.109446	778.287119380004	109.446
0.787	0.001	9.4903999999999981E-06	0.00738631	0.10944400000000001	778.292801146422	109.444
0.78750000000000009	0.001	9.62485E-06	0.00748791	0.10944750000000002	777.976799638436	109.4475
0.788	0.001	9.7608099999999988E-06	0.00759286	0.10944750000000002	777.892408519375	109.4475
0.7885	0.001	9.87865E-06	0.0076816800000000006	0.10945100000000002	777.604227298264	109.45100000000001
0.789	0.001	1.0015460000000002E-05	0.00778721	0.1094455	777.518955694496	109.4455
0.7895	0.001	1.015596E-05	0.00789441	0.10944700000000002	777.31794926329	109.447
0.79	0.001	1.0276780000000002E-05	0.007986430000000001	0.109445	777.13349901428307	109.445
0.79050000000000009	0.001	1.041942E-05	0.0080939499999999991	0.1094445	776.813872557206	109.44449999999999
0.791	0.001	1.054139E-05	0.00818813	0.10944400000000001	776.759990855096	109.444
0.79150000000000009	0.001	1.0688290000000002E-05	0.0082993	0.10944300000000001	776.48529371864	109.443
0.792	0.001	1.083401E-05	0.0084099500000000011	0.10944350000000001	776.254590867094	109.4435
0.7925	0.001	1.0960870000000002E-05	0.00850539	0.109445	775.977636811676	109.445
0.793	0.001	1.110879E-05	0.00861753	0.10944700000000002	775.7397520342	109.447
0.7935	0.001	1.125641E-05	0.0087310199999999991	0.10944300000000001	775.648719263069	109.443
0.794	0.001	1.1387240000000001E-05	0.00883153	0.10944400000000001	775.563701125119	109.444
0.7945000000000001	0.001	1.15405E-05	0.0089463899999999985	0.1094425	775.216845024046	109.4425
0.795	0.001	1.1696800000000001E-05	0.00906275	0.1094455	774.805929826961	109.4455
0.7955000000000001	0.001	1.1827000000000002E-05	0.0091639599999999988	0.10944700000000002	774.833854739156	109.447
0.796	0.001	1.19857E-05	0.00928261	0.1094445	774.473747882894	109.44449999999999
0.7965	0.001	1.21426E-05	0.00940121	0.10944700000000002	774.233689654604	109.447
0.797	0.001	1.22797E-05	0.00950579	0.109445	774.106044935951	109.445
0.7975	0.001	1.24385E-05	0.00962634	0.10944400000000001	773.914861116694	109.444
0.798	0.001	1.2597400000000002E-05	0.00974864	0.1094465	773.861272961087	109.4465
0.7985000000000001	0.001	1.27392E-05	0.00985476	0.10944700000000002	773.577618688772	109.447
0.799	0.001	1.2900600000000002E-05	0.00997839	0.10944400000000001	773.48262871494308	109.444
0.7995000000000001	0.001	1.3067800000000002E-05	0.01010203	0.1094455	773.047490778861	109.4455
0.8	0.001	1.3209900000000002E-05	0.01021079	0.10944400000000001	772.964973239767	109.444
0.8005000000000001	0.001	1.3377300000000002E-05	0.010336920000000001	0.1094445	772.720952658608	109.44449999999999
0.801	0.001	1.3549300000000001E-05	0.01046497	0.1094445	772.36240986619191	109.44449999999999
0.8015000000000001	0.001	1.3693500000000002E-05	0.01057572	0.10944350000000001	772.316792638843	109.4435
0.802	0.001	1.3864900000000002E-05	0.01070482	0.10944400000000001	772.08057757358506	109.444
0.8025000000000001	0.001	1.4041300000000002E-05	0.01083478	0.109446	771.636529381182	109.446
0.80299999999999994	0.001	1.41909E-05	0.01094781	0.1094465	771.466925987781	109.4465
0.8035000000000001	0.001	1.4366800000000001E-05	0.01108077	0.10944350000000001	771.27613664838407	109.4435
0.80399999999999994	0.001	1.45149E-05	0.011194599999999999	0.10944700000000002	771.24885462524708	109.447
0.8045	0.001	1.4693700000000001E-05	0.01132922	0.1094445	771.025677671383	109.44449999999999
0.80500000000000016	0.001	1.48748E-05	0.0114679	0.1094515	770.961626374808	109.4515
0.8055	0.001	1.5031600000000002E-05	0.0115841	0.109452	770.649831022646	109.452
0.806	0.001	1.5213200000000002E-05	0.011719599999999998	0.109449	770.357321273631	109.449
0.8065	0.001	1.53979E-05	0.0118574	0.10945	770.06604796758	109.45
0.807	0.001	1.55575E-05	0.011975	0.109452	769.725212919814	109.452
0.8075	0.001	1.5732400000000002E-05	0.012115800000000001	0.10945100000000002	770.117718847728	109.45100000000001
0.808	0.001	1.5925700000000002E-05	0.012254600000000001	0.10945400000000001	769.485799682274	109.45400000000001
0.80850000000000011	0.001	1.60845E-05	0.012374300000000001	0.10945100000000002	769.33072212378408	109.45100000000001
0.809	0.001	1.6277E-05	0.012517799999999999	0.1094515	769.048350433126	109.4515
0.80950000000000011	0.001	1.64646E-05	0.0126588	0.1094485	768.84953172260509	109.4485
0.81	0.001	1.6632100000000003E-05	0.012781899999999999	0.1094485	768.50788535422407	109.4485
0.81050000000000011	0.001	1.6821800000000002E-05	0.0129277	0.10945	768.508720826546	109.45
0.81099999999999994	0.001	1.70188E-05	0.0130727	0.1094515	768.132888335253	109.4515
0.81150000000000011	0.001	1.71842E-05	0.0131976	0.10945250000000001	768.007821138022	109.4525
0.81199999999999994	0.001	1.73804E-05	0.013344400000000001	0.1094505	767.784400819314	109.4505
0.8125	0.001	1.75823E-05	0.013492200000000001	0.1094515	767.374006813671	109.4515
0.81300000000000017	0.001	1.7754900000000002E-05	0.0136205	0.10945300000000001	767.14033872339508	109.453
0.8135	0.001	1.7952700000000002E-05	0.0137698	0.10945100000000002	767.004406022492	109.45100000000001
0.81400000000000006	0.001	1.81545E-05	0.0139207	0.10945250000000001	766.79060288082792	109.4525
0.8145	0.001	1.83311E-05	0.0140483	0.10945400000000001	766.36426619242707	109.45400000000001
0.81500000000000006	0.001	1.85316E-05	0.0142021	0.10945	766.372034794621	109.45
0.8155	0.001	1.8741200000000003E-05	0.014354400000000002	0.10945250000000001	765.927475295072	109.4525
0.81600000000000006	0.001	1.8917400000000003E-05	0.0144861	0.109449	765.75533635700492	109.449
0.8165	0.001	1.9124100000000002E-05	0.0146417	0.10945250000000001	765.615113913857	109.4525
0.81700000000000006	0.001	1.9336400000000003E-05	0.0147955	0.109455	765.163112058087	109.45499999999998
0.81750000000000012	0.001	1.95192E-05	0.0149323	0.1094515	765.00573794008	109.4515
0.81800000000000006	0.001	1.9729000000000004E-05	0.015087999999999999	0.1094485	764.76253231283908	109.4485
0.81850000000000012	0.001	1.9910900000000003E-05	0.0152229	0.109452	764.5510750393	109.452
0.819	0.001	2.01299E-05	0.0153829	0.10945350000000001	764.181640246598	109.4535
0.81950000000000012	0.001	2.0345100000000003E-05	0.0155423	0.1094515	763.93333038422	109.4515
0.82	0.001	2.0536300000000002E-05	0.0156809	0.10945250000000001	763.569873833164	109.4525
0.8205	0.001	2.0753100000000003E-05	0.0158398	0.109452	763.24982773657894	109.452
0.82100000000000017	0.001	2.09746E-05	0.016002000000000002	0.10945250000000001	762.922773259085	109.4525
0.8215	0.001	2.11633E-05	0.0161422	0.1094495	762.744940533849	109.4495
0.82200000000000006	0.001	2.1385900000000005E-05	0.0163041	0.1094485	762.376145030136	109.4485
0.8225	0.001	2.1612100000000003E-05	0.0164712	0.109449	762.128622392086	109.449
0.82300000000000006	0.001	2.18011E-05	0.0166129	0.109449	762.02118241740106	109.449
0.8235	0.001	2.20253E-05	0.016778500000000002	0.10945300000000001	761.783040412616	109.453
0.82400000000000007	0.001	2.2254E-05	0.0169444	0.1094495	761.409184865642	109.4495
0.8245	0.001	2.24457E-05	0.0170884	0.10945450000000001	761.32176764369092	109.45450000000001
0.82500000000000007	0.001	2.26742E-05	0.0172591	0.109452	761.177902638241	109.452
0.82550000000000012	0.001	2.29125E-05	0.0174243	0.1094505	760.471358428805	109.4505
0.82600000000000007	0.001	2.3109300000000003E-05	0.017569500000000002	0.10945250000000001	760.278329503706	109.4525
0.82650000000000012	0.001	2.33418E-05	0.0177416	0.10945100000000002	760.078485806579	109.45100000000001
0.827	0.001	2.3577E-05	0.0179121	0.10945350000000001	759.72770072528306	109.4535
0.82750000000000012	0.001	2.37755E-05	0.0180598	0.1094485	759.597064204749	109.4485
0.828	0.001	2.4012900000000002E-05	0.0182288	0.10945100000000002	759.125303482711	109.45100000000001
0.8285	0.001	2.4251700000000004E-05	0.0184045	0.10945100000000002	758.895252703934	109.45100000000001
0.829	0.001	2.4458300000000003E-05	0.018553800000000002	0.10945100000000002	758.589108809688	109.45100000000001
0.8295	0.001	2.46983E-05	0.0187278	0.10945	758.262714437836	109.45
0.83000000000000007	0.001	2.49326E-05	0.0189031	0.1094495	758.168020984574	109.4495
0.8305	0.001	2.4999300000000003E-05	0.0189482	0.109455	757.949222578232	109.45499999999998